epoch,train_loss,val_loss,train_rmse,val_rmse,val_mse
1,3.5449386582803473,3.038596421480179,1.8828007484278169,1.743157027200986,3.038596421480179
2,2.817054932079618,2.6558442562818527,1.6784084520996723,1.6296761200563297,2.6558442562818527
3,2.5013204760967738,2.557126613954703,1.5815563461656286,1.5991018147556155,2.557126613954703
4,2.3552563349721294,2.4885907098650932,1.5346844414967298,1.5775267699361217,2.4885907098650932
5,2.2362571020448017,2.4855712230006852,1.4954120174870875,1.5765694475666732,2.4855712230006852
6,2.1544861843977023,2.472500555217266,1.467816808868771,1.5724186959004482,2.472500555217266
7,2.0421634824187667,2.4509956339995065,1.4290428553471608,1.5655655955594792,2.4509956339995065
8,1.9654956056327415,2.436848300198714,1.4019613424173798,1.561040774675253,2.436848300198714
9,1.8736116472020667,2.3825149461627007,1.3687993451204112,1.5435397455727211,2.3825149461627007
10,1.787388513170222,2.3599319060643515,1.3369325013515911,1.5362069867255361,2.3599319060643515
