epoch,train_loss,val_loss,train_rmse,val_rmse,val_mse
1,3.7904315338578334,3.0584188344630787,1.9469030622652566,1.7488334718732828,3.0584185123443604
2,2.985945662291739,2.7710342965227492,1.727988906877512,1.664642447837143,2.7710344791412354
3,2.659305210525411,2.620030065800281,1.6307376277394874,1.6186507235097471,2.620030164718628
4,2.4654875835905044,2.5426897178304957,1.5701871173813982,1.5945813123964145,2.542689561843872
5,2.254580187856953,2.5043714731297593,1.5015259531080216,1.5825206611815235,2.5043716430664062
6,2.1576533674401697,2.416726826353276,1.4688952881128625,1.5545825251885022,2.41672682762146
7,2.0876245658659065,2.4175883709116186,1.4448614348323878,1.554859554412473,2.417588233947754
8,1.9788214007089304,2.37021523206792,1.406705868584094,1.539550316662632,2.3702151775360107
9,1.8740375167111623,2.3947292972118297,1.368954899443792,1.5474913168865385,2.3947293758392334
10,1.8702350534077894,2.313943323936868,1.3675653744548337,1.5211650625948854,2.3139431476593018
