epoch,train_loss,val_loss,train_rmse,val_rmse,val_mse
1,2.9353193856552986,2.666668604028986,1.7132773814112234,1.632993770192697,2.666668653488159
2,2.33905350957499,2.3031257010520774,1.5293964527142692,1.5176052253100296,2.3031256198883057
3,2.034391003352067,2.1341189957679587,1.4263207925821129,1.4608623464908996,2.1341187953948975
4,1.7432773025328931,2.0575416329059193,1.320332269746102,1.4344133326243258,2.057541608810425
5,1.5592467492204964,2.045643897766763,1.2486980216291272,1.4302600485427535,2.0456438064575195
6,1.3910435981726725,1.920536826265619,1.1794251134229221,1.38583431784449,1.920536756515503
7,1.2749496161244636,1.9124834753097373,1.1291366684881257,1.382925643171505,1.9124833345413208
8,1.1505790049055487,1.8258756323063627,1.0726504579337803,1.3512496145073185,1.8258755207061768
9,1.0526547570561253,1.7913051729506635,1.0259896476359425,1.3383964974417404,1.7913051843643188
10,0.9539756110340257,1.934680204442207,0.9767167506672678,1.3909277854208235,1.9346801042556763
